x y level
0.1424 0.1111 0.1
0.1468 0.1121 0.1
0.1534 0.1136 0.1
0.1572 0.1145 0.1
0.1645 0.1161 0.1
0.1675 0.1168 0.1
0.1757 0.1187 0.1
0.1778 0.1191 0.1
0.1871 0.1212 0.1
0.1881 0.1214 0.1
0.1984 0.1236 0.1
0.1986 0.1237 0.1
0.2088 0.1259 0.1
0.2103 0.1262 0.1
0.2191 0.1280 0.1
0.2222 0.1287 0.1
0.2294 0.1302 0.1
0.2342 0.1312 0.1
0.2397 0.1323 0.1
0.2465 0.1337 0.1
0.2501 0.1345 0.1
0.2588 0.1362 0.1
0.2604 0.1366 0.1
0.2707 0.1386 0.1
0.2714 0.1388 0.1
0.2810 0.1407 0.1
0.2841 0.1413 0.1
0.2913 0.1427 0.1
0.2970 0.1438 0.1
0.3017 0.1447 0.1
0.3095 0.1463 0.1
0.3120 0.1468 0.1
0.3218 0.1488 0.1
0.3223 0.1489 0.1
0.3326 0.1510 0.1
0.3343 0.1513 0.1
0.3429 0.1530 0.1
0.3471 0.1538 0.1
0.3533 0.1550 0.1
0.3602 0.1563 0.1
0.3636 0.1570 0.1
0.3736 0.1589 0.1
0.3739 0.1589 0.1
0.3842 0.1608 0.1
0.3872 0.1614 0.1
0.3946 0.1627 0.1
0.4011 0.1639 0.1
0.4049 0.1646 0.1
0.4152 0.1664 0.1
0.4153 0.1664 0.1
0.4255 0.1684 0.1
0.4280 0.1689 0.1
0.4358 0.1705 0.1
0.4407 0.1714 0.1
0.4462 0.1725 0.1
0.4535 0.1739 0.1
0.4565 0.1745 0.1
0.4664 0.1765 0.1
0.4668 0.1765 0.1
0.4771 0.1785 0.1

-0.5244 0.1111 0.25
-0.5240 0.1112 0.25
-0.5137 0.1130 0.25
-0.5100 0.1136 0.25
-0.5034 0.1148 0.25
-0.4956 0.1161 0.25
-0.4931 0.1166 0.25
-0.4828 0.1184 0.25
-0.4812 0.1187 0.25
-0.4724 0.1202 0.25
-0.4668 0.1212 0.25
-0.4621 0.1220 0.25
-0.4524 0.1237 0.25
-0.4518 0.1238 0.25
-0.4415 0.1256 0.25
-0.4380 0.1262 0.25
-0.4312 0.1274 0.25
-0.4236 0.1287 0.25
-0.4208 0.1292 0.25
-0.4105 0.1310 0.25
-0.4092 0.1312 0.25
-0.4002 0.1328 0.25
-0.3948 0.1337 0.25
-0.3899 0.1346 0.25
-0.3804 0.1362 0.25
-0.3795 0.1364 0.25
-0.3692 0.1382 0.25
-0.3659 0.1388 0.25
-0.3589 0.1400 0.25
-0.3515 0.1413 0.25
-0.3486 0.1418 0.25
-0.3383 0.1436 0.25
-0.3371 0.1438 0.25
-0.3279 0.1454 0.25
-0.3227 0.1463 0.25
-0.3176 0.1472 0.25
-0.3083 0.1488 0.25
-0.3073 0.1490 0.25
-0.2970 0.1509 0.25
-0.2951 0.1513 0.25
-0.2867 0.1531 0.25
-0.2833 0.1538 0.25
-0.2763 0.1553 0.25
-0.2714 0.1563 0.25
-0.2660 0.1575 0.25
-0.2593 0.1589 0.25
-0.2557 0.1596 0.25
-0.2472 0.1614 0.25
-0.2454 0.1618 0.25
-0.2351 0.1639 0.25
-0.2351 0.1639 0.25
-0.2247 0.1660 0.25
-0.2228 0.1664 0.25
-0.2144 0.1682 0.25
-0.2112 0.1689 0.25
-0.2041 0.1704 0.25
-0.1995 0.1714 0.25
-0.1938 0.1727 0.25
-0.1878 0.1739 0.25
-0.1834 0.1749 0.25
-0.1760 0.1765 0.25
-0.1731 0.1771 0.25
-0.1642 0.1790 0.25
-0.1628 0.1793 0.25
-0.1525 0.1814 0.25
-0.1522 0.1815 0.25
-0.1422 0.1836 0.25
-0.1402 0.1840 0.25
-0.1318 0.1857 0.25
-0.1281 0.1865 0.25
-0.1215 0.1879 0.25
-0.1158 0.1890 0.25
-0.1112 0.1900 0.25
-0.1035 0.1915 0.25
-0.1009 0.1921 0.25
-0.0912 0.1940 0.25
-0.0906 0.1942 0.25
-0.0802 0.1962 0.25
-0.0787 0.1966 0.25
-0.0699 0.1983 0.25
-0.0661 0.1991 0.25
-0.0596 0.2004 0.25
-0.0534 0.2016 0.25
-0.0493 0.2024 0.25
-0.0407 0.2041 0.25
-0.0389 0.2044 0.25
-0.0286 0.2065 0.25
-0.0278 0.2066 0.25
-0.0183 0.2085 0.25
-0.0149 0.2091 0.25
-0.0080 0.2105 0.25
-0.0019 0.2116 0.25
0.0023 0.2125 0.25
0.0104 0.2142 0.25
0.0127 0.2146 0.25
0.0226 0.2167 0.25
0.0230 0.2168 0.25
0.0333 0.2189 0.25
0.0349 0.2192 0.25
0.0436 0.2209 0.25
0.0474 0.2217 0.25
0.0539 0.2230 0.25
0.0600 0.2242 0.25
0.0643 0.2251 0.25
0.0727 0.2267 0.25
0.0746 0.2271 0.25
0.0849 0.2291 0.25
0.0856 0.2292 0.25
0.0952 0.2311 0.25
0.0987 0.2317 0.25
0.1056 0.2331 0.25
0.1119 0.2343 0.25
0.1159 0.2350 0.25
0.1253 0.2368 0.25
0.1262 0.2369 0.25
0.1365 0.2389 0.25
0.1388 0.2393 0.25
0.1468 0.2408 0.25
0.1525 0.2418 0.25
0.1572 0.2426 0.25
0.1664 0.2443 0.25
0.1675 0.2445 0.25
0.1778 0.2464 0.25
0.1804 0.2468 0.25
0.1881 0.2482 0.25
0.1946 0.2493 0.25
0.1984 0.2501 0.25
0.2070 0.2519 0.25
0.2088 0.2522 0.25
0.2188 0.2544 0.25
0.2191 0.2544 0.25
0.2294 0.2566 0.25
0.2308 0.2569 0.25
0.2397 0.2588 0.25
0.2428 0.2594 0.25
0.2501 0.2609 0.25
0.2549 0.2619 0.25
0.2604 0.2630 0.25
0.2672 0.2644 0.25
0.2707 0.2651 0.25
0.2795 0.2669 0.25
0.2810 0.2672 0.25
0.2913 0.2693 0.25
0.2920 0.2694 0.25
0.3017 0.2714 0.25
0.3046 0.2720 0.25
0.3120 0.2734 0.25
0.3171 0.2745 0.25
0.3223 0.2755 0.25
0.3298 0.2770 0.25
0.3326 0.2775 0.25
0.3426 0.2795 0.25
0.3429 0.2796 0.25
0.3533 0.2816 0.25
0.3555 0.2820 0.25
0.3636 0.2836 0.25
0.3686 0.2845 0.25
0.3739 0.2855 0.25
0.3818 0.2870 0.25
0.3842 0.2875 0.25
0.3946 0.2894 0.25
0.3951 0.2896 0.25
0.4049 0.2914 0.25
0.4086 0.2921 0.25
0.4152 0.2933 0.25
0.4222 0.2946 0.25
0.4255 0.2952 0.25
0.4358 0.2971 0.25
0.4359 0.2971 0.25
0.4462 0.2989 0.25
0.4498 0.2996 0.25
0.4565 0.3008 0.25
0.4639 0.3021 0.25
0.4668 0.3026 0.25
0.4771 0.3045 0.25

-1.3609 0.1111 0.5
-1.3601 0.1112 0.5
-1.3498 0.1121 0.5
-1.3394 0.1130 0.5
-1.3316 0.1136 0.5
-1.3291 0.1138 0.5
-1.3188 0.1147 0.5
-1.3085 0.1156 0.5
-1.3026 0.1161 0.5
-1.2981 0.1166 0.5
-1.2878 0.1178 0.5
-1.2803 0.1187 0.5
-1.2775 0.1190 0.5
-1.2672 0.1202 0.5
-1.2587 0.1212 0.5
-1.2569 0.1214 0.5
-1.2465 0.1226 0.5
-1.2370 0.1237 0.5
-1.2362 0.1238 0.5
-1.2259 0.1250 0.5
-1.2156 0.1261 0.5
-1.2151 0.1262 0.5
-1.2053 0.1273 0.5
-1.1949 0.1285 0.5
-1.1931 0.1287 0.5
-1.1846 0.1297 0.5
-1.1743 0.1308 0.5
-1.1709 0.1312 0.5
-1.1640 0.1320 0.5
-1.1537 0.1332 0.5
-1.1485 0.1337 0.5
-1.1433 0.1343 0.5
-1.1330 0.1355 0.5
-1.1260 0.1362 0.5
-1.1227 0.1366 0.5
-1.1124 0.1377 0.5
-1.1033 0.1388 0.5
-1.1020 0.1389 0.5
-1.0917 0.1400 0.5
-1.0814 0.1412 0.5
-1.0804 0.1413 0.5
-1.0711 0.1423 0.5
-1.0608 0.1434 0.5
-1.0573 0.1438 0.5
-1.0504 0.1445 0.5
-1.0401 0.1456 0.5
-1.0341 0.1463 0.5
-1.0298 0.1468 0.5
-1.0195 0.1479 0.5
-1.0107 0.1488 0.5
-1.0092 0.1490 0.5
-0.9988 0.1501 0.5
-0.9901 0.1513 0.5
-0.9885 0.1515 0.5
-0.9782 0.1530 0.5
-0.9720 0.1538 0.5
-0.9679 0.1544 0.5
-0.9575 0.1558 0.5
-0.9538 0.1563 0.5
-0.9472 0.1573 0.5
-0.9369 0.1587 0.5
-0.9356 0.1589 0.5
-0.9266 0.1601 0.5
-0.9173 0.1614 0.5
-0.9163 0.1615 0.5
-0.9059 0.1629 0.5
-0.8991 0.1639 0.5
-0.8956 0.1644 0.5
-0.8853 0.1658 0.5
-0.8808 0.1664 0.5
-0.8750 0.1674 0.5
-0.8658 0.1689 0.5
-0.8647 0.1691 0.5
-0.8543 0.1709 0.5
-0.8510 0.1714 0.5
-0.8440 0.1726 0.5
-0.8361 0.1739 0.5
-0.8337 0.1743 0.5
-0.8234 0.1761 0.5
-0.8210 0.1765 0.5
-0.8130 0.1778 0.5
-0.8058 0.1790 0.5
-0.8027 0.1795 0.5
-0.7924 0.1811 0.5
-0.7904 0.1815 0.5
-0.7821 0.1828 0.5
-0.7748 0.1840 0.5
-0.7718 0.1845 0.5
-0.7614 0.1861 0.5
-0.7591 0.1865 0.5
-0.7511 0.1878 0.5
-0.7432 0.1890 0.5
-0.7408 0.1894 0.5
-0.7305 0.1910 0.5
-0.7272 0.1915 0.5
-0.7202 0.1926 0.5
-0.7110 0.1940 0.5
-0.7098 0.1942 0.5
-0.6995 0.1958 0.5
-0.6957 0.1966 0.5
-0.6892 0.1978 0.5
-0.6829 0.1991 0.5
-0.6789 0.1999 0.5
-0.6701 0.2016 0.5
-0.6685 0.2019 0.5
-0.6582 0.2039 0.5
-0.6573 0.2041 0.5
-0.6479 0.2059 0.5
-0.6443 0.2066 0.5
-0.6376 0.2079 0.5
-0.6313 0.2091 0.5
-0.6273 0.2099 0.5
-0.6181 0.2116 0.5
-0.6169 0.2119 0.5
-0.6066 0.2138 0.5
-0.6049 0.2142 0.5
-0.5963 0.2158 0.5
-0.5915 0.2167 0.5
-0.5860 0.2177 0.5
-0.5781 0.2192 0.5
-0.5757 0.2196 0.5
-0.5653 0.2216 0.5
-0.5646 0.2217 0.5
-0.5550 0.2235 0.5
-0.5510 0.2242 0.5
-0.5447 0.2254 0.5
-0.5372 0.2267 0.5
-0.5344 0.2272 0.5
-0.5240 0.2291 0.5
-0.5234 0.2292 0.5
-0.5137 0.2310 0.5
-0.5095 0.2317 0.5
-0.5034 0.2328 0.5
-0.4955 0.2343 0.5
-0.4931 0.2347 0.5
-0.4828 0.2365 0.5
-0.4814 0.2368 0.5
-0.4724 0.2383 0.5
-0.4671 0.2393 0.5
-0.4621 0.2402 0.5
-0.4528 0.2418 0.5
-0.4518 0.2420 0.5
-0.4415 0.2438 0.5
-0.4383 0.2443 0.5
-0.4312 0.2456 0.5
-0.4238 0.2468 0.5
-0.4208 0.2473 0.5
-0.4105 0.2491 0.5
-0.4091 0.2493 0.5
-0.4002 0.2511 0.5
-0.3967 0.2519 0.5
-0.3899 0.2533 0.5
-0.3849 0.2544 0.5
-0.3795 0.2555 0.5
-0.3730 0.2569 0.5
-0.3692 0.2577 0.5
-0.3610 0.2594 0.5
-0.3589 0.2598 0.5
-0.3489 0.2619 0.5
-0.3486 0.2620 0.5
-0.3383 0.2641 0.5
-0.3366 0.2644 0.5
-0.3279 0.2662 0.5
-0.3243 0.2669 0.5
-0.3176 0.2683 0.5
-0.3118 0.2694 0.5
-0.3073 0.2703 0.5
-0.2998 0.2720 0.5
-0.2970 0.2726 0.5
-0.2889 0.2745 0.5
-0.2867 0.2750 0.5
-0.2782 0.2770 0.5
-0.2763 0.2774 0.5
-0.2674 0.2795 0.5
-0.2660 0.2798 0.5
-0.2565 0.2820 0.5
-0.2557 0.2822 0.5
-0.2455 0.2845 0.5
-0.2454 0.2845 0.5
-0.2351 0.2869 0.5
-0.2344 0.2870 0.5
-0.2247 0.2892 0.5
-0.2231 0.2896 0.5
-0.2144 0.2915 0.5
-0.2118 0.2921 0.5
-0.2041 0.2938 0.5
-0.2004 0.2946 0.5
-0.1938 0.2960 0.5
-0.1889 0.2971 0.5
-0.1834 0.2983 0.5
-0.1773 0.2996 0.5
-0.1731 0.3005 0.5
-0.1656 0.3021 0.5
-0.1628 0.3027 0.5
-0.1538 0.3046 0.5
-0.1525 0.3049 0.5
-0.1422 0.3071 0.5
-0.1418 0.3071 0.5
-0.1318 0.3092 0.5
-0.1298 0.3097 0.5
-0.1215 0.3114 0.5
-0.1176 0.3122 0.5
-0.1112 0.3135 0.5
-0.1053 0.3147 0.5
-0.1009 0.3156 0.5
-0.0930 0.3172 0.5
-0.0906 0.3177 0.5
-0.0805 0.3197 0.5
-0.0802 0.3198 0.5
-0.0699 0.3218 0.5
-0.0678 0.3222 0.5
-0.0596 0.3238 0.5
-0.0551 0.3247 0.5
-0.0493 0.3259 0.5
-0.0422 0.3272 0.5
-0.0389 0.3279 0.5
-0.0292 0.3298 0.5
-0.0286 0.3299 0.5
-0.0183 0.3319 0.5
-0.0161 0.3323 0.5
-0.0080 0.3341 0.5
-0.0049 0.3348 0.5
0.0023 0.3367 0.5
0.0047 0.3373 0.5
0.0127 0.3394 0.5
0.0141 0.3398 0.5
0.0230 0.3422 0.5
0.0235 0.3423 0.5
0.0330 0.3448 0.5
0.0333 0.3449 0.5
0.0426 0.3474 0.5
0.0436 0.3476 0.5
0.0523 0.3499 0.5
0.0539 0.3503 0.5
0.0620 0.3524 0.5
0.0643 0.3530 0.5
0.0718 0.3549 0.5
0.0746 0.3556 0.5
0.0816 0.3574 0.5
0.0849 0.3582 0.5
0.0915 0.3599 0.5
0.0952 0.3609 0.5
0.1015 0.3624 0.5
0.1056 0.3634 0.5
0.1116 0.3649 0.5
0.1159 0.3660 0.5
0.1217 0.3675 0.5
0.1262 0.3686 0.5
0.1319 0.3700 0.5
0.1365 0.3711 0.5
0.1421 0.3725 0.5
0.1468 0.3736 0.5
0.1525 0.3750 0.5
0.1572 0.3761 0.5
0.1629 0.3775 0.5
0.1675 0.3786 0.5
0.1733 0.3800 0.5
0.1778 0.3811 0.5
0.1839 0.3825 0.5
0.1881 0.3835 0.5
0.1945 0.3851 0.5
0.1984 0.3860 0.5
0.2052 0.3876 0.5
0.2088 0.3884 0.5
0.2160 0.3901 0.5
0.2191 0.3908 0.5
0.2268 0.3926 0.5
0.2294 0.3932 0.5
0.2378 0.3951 0.5
0.2397 0.3956 0.5
0.2488 0.3976 0.5
0.2501 0.3979 0.5
0.2599 0.4001 0.5
0.2604 0.4002 0.5
0.2707 0.4026 0.5
0.2710 0.4026 0.5
0.2810 0.4049 0.5
0.2823 0.4052 0.5
0.2913 0.4072 0.5
0.2936 0.4077 0.5
0.3017 0.4094 0.5
0.3050 0.4102 0.5
0.3120 0.4117 0.5
0.3165 0.4127 0.5
0.3223 0.4139 0.5
0.3282 0.4152 0.5
0.3326 0.4162 0.5
0.3398 0.4177 0.5
0.3429 0.4184 0.5
0.3516 0.4202 0.5
0.3533 0.4206 0.5
0.3635 0.4228 0.5
0.3636 0.4228 0.5
0.3739 0.4249 0.5
0.3755 0.4253 0.5
0.3842 0.4271 0.5
0.3876 0.4278 0.5
0.3946 0.4292 0.5
0.3997 0.4303 0.5
0.4049 0.4313 0.5
0.4120 0.4328 0.5
0.4152 0.4335 0.5
0.4244 0.4353 0.5
0.4255 0.4355 0.5
0.4358 0.4376 0.5
0.4368 0.4378 0.5
0.4462 0.4397 0.5
0.4494 0.4403 0.5
0.4565 0.4417 0.5
0.4621 0.4429 0.5
0.4668 0.4438 0.5
0.4749 0.4454 0.5
0.4771 0.4458 0.5

-2.0000 0.2039 1
-1.9968 0.2041 1
-1.9897 0.2046 1
-1.9794 0.2053 1
-1.9690 0.2061 1
-1.9612 0.2066 1
-1.9587 0.2068 1
-1.9484 0.2075 1
-1.9381 0.2082 1
-1.9278 0.2089 1
-1.9250 0.2091 1
-1.9174 0.2096 1
-1.9071 0.2104 1
-1.8968 0.2111 1
-1.8883 0.2116 1
-1.8865 0.2118 1
-1.8761 0.2125 1
-1.8658 0.2132 1
-1.8555 0.2138 1
-1.8510 0.2142 1
-1.8452 0.2145 1
-1.8349 0.2152 1
-1.8245 0.2159 1
-1.8142 0.2166 1
-1.8131 0.2167 1
-1.8039 0.2173 1
-1.7936 0.2179 1
-1.7833 0.2186 1
-1.7747 0.2192 1
-1.7729 0.2193 1
-1.7626 0.2200 1
-1.7523 0.2206 1
-1.7420 0.2213 1
-1.7357 0.2217 1
-1.7316 0.2220 1
-1.7213 0.2226 1
-1.7110 0.2233 1
-1.7007 0.2239 1
-1.6975 0.2242 1
-1.6904 0.2249 1
-1.6800 0.2258 1
-1.6708 0.2267 1
-1.6697 0.2268 1
-1.6594 0.2278 1
-1.6491 0.2288 1
-1.6441 0.2292 1
-1.6388 0.2297 1
-1.6284 0.2307 1
-1.6181 0.2316 1
-1.6169 0.2317 1
-1.6078 0.2326 1
-1.5975 0.2335 1
-1.5894 0.2343 1
-1.5871 0.2345 1
-1.5768 0.2354 1
-1.5665 0.2363 1
-1.5614 0.2368 1
-1.5562 0.2372 1
-1.5459 0.2382 1
-1.5355 0.2391 1
-1.5330 0.2393 1
-1.5252 0.2400 1
-1.5149 0.2409 1
-1.5046 0.2418 1
-1.5042 0.2418 1
-1.4943 0.2426 1
-1.4839 0.2435 1
-1.4748 0.2443 1
-1.4736 0.2444 1
-1.4633 0.2453 1
-1.4530 0.2462 1
-1.4450 0.2468 1
-1.4426 0.2470 1
-1.4323 0.2479 1
-1.4220 0.2487 1
-1.4147 0.2493 1
-1.4117 0.2496 1
-1.4014 0.2507 1
-1.3910 0.2517 1
-1.3898 0.2519 1
-1.3807 0.2528 1
-1.3704 0.2540 1
-1.3666 0.2544 1
-1.3601 0.2551 1
-1.3498 0.2562 1
-1.3432 0.2569 1
-1.3394 0.2573 1
-1.3291 0.2584 1
-1.3196 0.2594 1
-1.3188 0.2595 1
-1.3085 0.2606 1
-1.2981 0.2618 1
-1.2975 0.2619 1
-1.2878 0.2634 1
-1.2814 0.2644 1
-1.2775 0.2650 1
-1.2672 0.2666 1
-1.2652 0.2669 1
-1.2569 0.2682 1
-1.2487 0.2694 1
-1.2465 0.2698 1
-1.2362 0.2713 1
-1.2321 0.2720 1
-1.2259 0.2729 1
-1.2156 0.2744 1
-1.2153 0.2745 1
-1.2053 0.2760 1
-1.1983 0.2770 1
-1.1949 0.2775 1
-1.1846 0.2790 1
-1.1812 0.2795 1
-1.1743 0.2805 1
-1.1640 0.2820 1
-1.1638 0.2820 1
-1.1537 0.2835 1
-1.1462 0.2845 1
-1.1433 0.2849 1
-1.1330 0.2864 1
-1.1284 0.2870 1
-1.1227 0.2878 1
-1.1124 0.2893 1
-1.1104 0.2896 1
-1.1020 0.2907 1
-1.0922 0.2921 1
-1.0917 0.2921 1
-1.0814 0.2935 1
-1.0738 0.2946 1
-1.0711 0.2949 1
-1.0608 0.2963 1
-1.0551 0.2971 1
-1.0504 0.2977 1
-1.0401 0.2991 1
-1.0362 0.2996 1
-1.0298 0.3005 1
-1.0195 0.3018 1
-1.0171 0.3021 1
-1.0092 0.3032 1
-0.9988 0.3046 1
-0.9984 0.3046 1
-0.9885 0.3064 1
-0.9844 0.3071 1
-0.9782 0.3082 1
-0.9702 0.3097 1
-0.9679 0.3101 1
-0.9575 0.3119 1
-0.9559 0.3122 1
-0.9472 0.3137 1
-0.9414 0.3147 1
-0.9369 0.3154 1
-0.9267 0.3172 1
-0.9266 0.3172 1
-0.9163 0.3190 1
-0.9118 0.3197 1
-0.9059 0.3207 1
-0.8967 0.3222 1
-0.8956 0.3224 1
-0.8853 0.3241 1
-0.8815 0.3247 1
-0.8750 0.3258 1
-0.8661 0.3272 1
-0.8647 0.3275 1
-0.8543 0.3291 1
-0.8505 0.3298 1
-0.8440 0.3308 1
-0.8347 0.3323 1
-0.8337 0.3325 1
-0.8234 0.3343 1
-0.8209 0.3348 1
-0.8130 0.3364 1
-0.8086 0.3373 1
-0.8027 0.3385 1
-0.7962 0.3398 1
-0.7924 0.3406 1
-0.7838 0.3423 1
-0.7821 0.3427 1
-0.7718 0.3447 1
-0.7712 0.3448 1
-0.7614 0.3468 1
-0.7586 0.3474 1
-0.7511 0.3488 1
-0.7458 0.3499 1
-0.7408 0.3509 1
-0.7330 0.3524 1
-0.7305 0.3529 1
-0.7202 0.3549 1
-0.7201 0.3549 1
-0.7098 0.3569 1
-0.7071 0.3574 1
-0.6995 0.3589 1
-0.6954 0.3599 1
-0.6892 0.3615 1
-0.6858 0.3624 1
-0.6789 0.3642 1
-0.6762 0.3649 1
-0.6685 0.3669 1
-0.6664 0.3675 1
-0.6582 0.3696 1
-0.6567 0.3700 1
-0.6479 0.3722 1
-0.6468 0.3725 1
-0.6376 0.3748 1
-0.6369 0.3750 1
-0.6273 0.3774 1
-0.6269 0.3775 1
-0.6169 0.3800 1
-0.6168 0.3800 1
-0.6066 0.3825 1
-0.6066 0.3825 1
-0.5964 0.3851 1
-0.5963 0.3851 1
-0.5861 0.3876 1
-0.5860 0.3876 1
-0.5757 0.3901 1
-0.5757 0.3901 1
-0.5653 0.3926 1
-0.5652 0.3926 1
-0.5550 0.3950 1
-0.5546 0.3951 1
-0.5447 0.3974 1
-0.5440 0.3976 1
-0.5344 0.3999 1
-0.5332 0.4001 1
-0.5240 0.4023 1
-0.5224 0.4026 1
-0.5137 0.4046 1
-0.5115 0.4052 1
-0.5034 0.4070 1
-0.5005 0.4077 1
-0.4931 0.4094 1
-0.4894 0.4102 1
-0.4828 0.4117 1
-0.4783 0.4127 1
-0.4724 0.4140 1
-0.4670 0.4152 1
-0.4621 0.4163 1
-0.4557 0.4177 1
-0.4518 0.4186 1
-0.4442 0.4202 1
-0.4415 0.4208 1
-0.4327 0.4228 1
-0.4312 0.4231 1
-0.4211 0.4253 1
-0.4208 0.4253 1
-0.4105 0.4275 1
-0.4093 0.4278 1
-0.4002 0.4297 1
-0.3975 0.4303 1
-0.3899 0.4319 1
-0.3856 0.4328 1
-0.3795 0.4341 1
-0.3736 0.4353 1
-0.3692 0.4362 1
-0.3615 0.4378 1
-0.3589 0.4384 1
-0.3492 0.4403 1
-0.3486 0.4405 1
-0.3383 0.4426 1
-0.3369 0.4429 1
-0.3279 0.4447 1
-0.3245 0.4454 1
-0.3176 0.4467 1
-0.3119 0.4479 1
-0.3073 0.4488 1
-0.2999 0.4504 1
-0.2970 0.4510 1
-0.2892 0.4529 1
-0.2867 0.4535 1
-0.2787 0.4554 1
-0.2763 0.4560 1
-0.2681 0.4579 1
-0.2660 0.4584 1
-0.2574 0.4604 1
-0.2557 0.4608 1
-0.2466 0.4630 1
-0.2454 0.4632 1
-0.2357 0.4655 1
-0.2351 0.4656 1
-0.2248 0.4680 1
-0.2247 0.4680 1
-0.2144 0.4703 1
-0.2137 0.4705 1
-0.2041 0.4727 1
-0.2025 0.4730 1
-0.1938 0.4750 1
-0.1913 0.4755 1
-0.1834 0.4773 1
-0.1800 0.4780 1
-0.1731 0.4795 1
-0.1685 0.4806 1
-0.1628 0.4818 1
-0.1570 0.4831 1
-0.1525 0.4840 1
-0.1453 0.4856 1
-0.1422 0.4863 1
-0.1336 0.4881 1
-0.1318 0.4885 1
-0.1218 0.4906 1
-0.1215 0.4907 1
-0.1112 0.4928 1
-0.1098 0.4931 1
-0.1009 0.4950 1
-0.0977 0.4956 1
-0.0906 0.4971 1
-0.0856 0.4981 1
-0.0802 0.4993 1
-0.0740 0.5007 1
-0.0699 0.5017 1
-0.0643 0.5032 1
-0.0596 0.5044 1
-0.0546 0.5057 1
-0.0493 0.5071 1
-0.0449 0.5082 1
-0.0389 0.5097 1
-0.0351 0.5107 1
-0.0286 0.5124 1
-0.0252 0.5132 1
-0.0183 0.5150 1
-0.0154 0.5157 1
-0.0080 0.5176 1
-0.0055 0.5183 1
0.0023 0.5203 1
0.0042 0.5208 1
0.0127 0.5230 1
0.0136 0.5233 1
0.0230 0.5258 1
0.0230 0.5258 1
0.0324 0.5283 1
0.0333 0.5285 1
0.0419 0.5308 1
0.0436 0.5313 1
0.0514 0.5333 1
0.0539 0.5340 1
0.0610 0.5358 1
0.0643 0.5367 1
0.0706 0.5384 1
0.0746 0.5394 1
0.0802 0.5409 1
0.0849 0.5421 1
0.0898 0.5434 1
0.0952 0.5448 1
0.0995 0.5459 1
0.1056 0.5475 1
0.1092 0.5484 1
0.1159 0.5501 1
0.1190 0.5509 1
0.1262 0.5528 1
0.1288 0.5534 1
0.1365 0.5554 1
0.1386 0.5560 1
0.1468 0.5580 1
0.1485 0.5585 1
0.1572 0.5607 1
0.1584 0.5610 1
0.1675 0.5633 1
0.1683 0.5635 1
0.1778 0.5659 1
0.1783 0.5660 1
0.1881 0.5685 1
0.1883 0.5685 1
0.1984 0.5710 1
0.1984 0.5710 1
0.2085 0.5735 1
0.2088 0.5736 1
0.2186 0.5761 1
0.2191 0.5762 1
0.2288 0.5786 1
0.2294 0.5787 1
0.2390 0.5811 1
0.2397 0.5813 1
0.2492 0.5836 1
0.2501 0.5838 1
0.2595 0.5861 1
0.2604 0.5863 1
0.2698 0.5886 1
0.2707 0.5888 1
0.2802 0.5911 1
0.2810 0.5913 1
0.2906 0.5937 1
0.2913 0.5938 1
0.3010 0.5962 1
0.3017 0.5963 1
0.3115 0.5987 1
0.3120 0.5988 1
0.3221 0.6012 1
0.3223 0.6012 1
0.3326 0.6037 1
0.3327 0.6037 1
0.3429 0.6061 1
0.3433 0.6062 1
0.3533 0.6086 1
0.3540 0.6087 1
0.3636 0.6110 1
0.3647 0.6112 1
0.3739 0.6134 1
0.3754 0.6138 1
0.3842 0.6158 1
0.3862 0.6163 1
0.3946 0.6182 1
0.3970 0.6188 1
0.4049 0.6206 1
0.4079 0.6213 1
0.4152 0.6230 1
0.4188 0.6238 1
0.4255 0.6255 1
0.4289 0.6263 1
0.4358 0.6282 1
0.4382 0.6288 1
0.4462 0.6310 1
0.4475 0.6313 1
0.4565 0.6338 1
0.4569 0.6339 1
0.4662 0.6364 1
0.4668 0.6365 1
0.4756 0.6389 1
0.4771 0.6393 1

-2.0000 0.4595 2
-1.9897 0.4602 2
-1.9851 0.4604 2
-1.9794 0.4608 2
-1.9690 0.4614 2
-1.9587 0.4621 2
-1.9484 0.4627 2
-1.9442 0.4630 2
-1.9381 0.4633 2
-1.9278 0.4640 2
-1.9174 0.4646 2
-1.9071 0.4652 2
-1.9030 0.4655 2
-1.8968 0.4658 2
-1.8865 0.4665 2
-1.8761 0.4671 2
-1.8658 0.4677 2
-1.8613 0.4680 2
-1.8555 0.4683 2
-1.8452 0.4690 2
-1.8349 0.4696 2
-1.8245 0.4702 2
-1.8192 0.4705 2
-1.8142 0.4708 2
-1.8039 0.4714 2
-1.7936 0.4720 2
-1.7833 0.4726 2
-1.7767 0.4730 2
-1.7729 0.4732 2
-1.7626 0.4738 2
-1.7523 0.4744 2
-1.7420 0.4750 2
-1.7337 0.4755 2
-1.7316 0.4756 2
-1.7213 0.4762 2
-1.7110 0.4768 2
-1.7007 0.4774 2
-1.6939 0.4780 2
-1.6904 0.4784 2
-1.6800 0.4793 2
-1.6697 0.4803 2
-1.6667 0.4806 2
-1.6594 0.4812 2
-1.6491 0.4822 2
-1.6396 0.4831 2
-1.6388 0.4831 2
-1.6284 0.4841 2
-1.6181 0.4850 2
-1.6122 0.4856 2
-1.6078 0.4860 2
-1.5975 0.4869 2
-1.5871 0.4879 2
-1.5845 0.4881 2
-1.5768 0.4888 2
-1.5665 0.4897 2
-1.5567 0.4906 2
-1.5562 0.4907 2
-1.5459 0.4916 2
-1.5355 0.4925 2
-1.5285 0.4931 2
-1.5252 0.4934 2
-1.5149 0.4943 2
-1.5046 0.4952 2
-1.5002 0.4956 2
-1.4943 0.4962 2
-1.4839 0.4971 2
-1.4736 0.4980 2
-1.4715 0.4981 2
-1.4633 0.4989 2
-1.4530 0.4998 2
-1.4427 0.5007 2
-1.4426 0.5007 2
-1.4323 0.5016 2
-1.4220 0.5025 2
-1.4140 0.5032 2
-1.4117 0.5034 2
-1.4014 0.5043 2
-1.3910 0.5052 2
-1.3853 0.5057 2
-1.3807 0.5061 2
-1.3704 0.5070 2
-1.3601 0.5079 2
-1.3564 0.5082 2
-1.3498 0.5088 2
-1.3394 0.5097 2
-1.3291 0.5106 2
-1.3275 0.5107 2
-1.3188 0.5115 2
-1.3085 0.5124 2
-1.2997 0.5132 2
-1.2981 0.5134 2
-1.2878 0.5147 2
-1.2802 0.5157 2
-1.2775 0.5161 2
-1.2672 0.5175 2
-1.2611 0.5183 2
-1.2569 0.5188 2
-1.2465 0.5202 2
-1.2419 0.5208 2
-1.2362 0.5215 2
-1.2259 0.5229 2
-1.2226 0.5233 2
-1.2156 0.5242 2
-1.2053 0.5255 2
-1.2033 0.5258 2
-1.1949 0.5269 2
-1.1846 0.5282 2
-1.1840 0.5283 2
-1.1743 0.5296 2
-1.1646 0.5308 2
-1.1640 0.5309 2
-1.1537 0.5322 2
-1.1451 0.5333 2
-1.1433 0.5336 2
-1.1330 0.5349 2
-1.1256 0.5358 2
-1.1227 0.5362 2
-1.1124 0.5375 2
-1.1061 0.5384 2
-1.1020 0.5389 2
-1.0917 0.5402 2
-1.0864 0.5409 2
-1.0814 0.5415 2
-1.0711 0.5428 2
-1.0668 0.5434 2
-1.0608 0.5442 2
-1.0504 0.5455 2
-1.0471 0.5459 2
-1.0401 0.5468 2
-1.0298 0.5481 2
-1.0273 0.5484 2
-1.0195 0.5494 2
-1.0092 0.5507 2
-1.0075 0.5509 2
-0.9988 0.5521 2
-0.9909 0.5534 2
-0.9885 0.5539 2
-0.9782 0.5556 2
-0.9764 0.5560 2
-0.9679 0.5574 2
-0.9617 0.5585 2
-0.9575 0.5592 2
-0.9472 0.5610 2
-0.9471 0.5610 2
-0.9369 0.5627 2
-0.9324 0.5635 2
-0.9266 0.5645 2
-0.9176 0.5660 2
-0.9163 0.5662 2
-0.9059 0.5680 2
-0.9028 0.5685 2
-0.8956 0.5697 2
-0.8880 0.5710 2
-0.8853 0.5715 2
-0.8750 0.5732 2
-0.8731 0.5735 2
-0.8647 0.5750 2
-0.8582 0.5761 2
-0.8543 0.5767 2
-0.8440 0.5784 2
-0.8432 0.5786 2
-0.8337 0.5802 2
-0.8282 0.5811 2
-0.8234 0.5819 2
-0.8131 0.5836 2
-0.8130 0.5836 2
-0.8027 0.5853 2
-0.7980 0.5861 2
-0.7924 0.5870 2
-0.7828 0.5886 2
-0.7821 0.5887 2
-0.7718 0.5905 2
-0.7676 0.5911 2
-0.7614 0.5922 2
-0.7524 0.5937 2
-0.7511 0.5939 2
-0.7408 0.5955 2
-0.7370 0.5962 2
-0.7305 0.5972 2
-0.7217 0.5987 2
-0.7202 0.5989 2
-0.7098 0.6006 2
-0.7063 0.6012 2
-0.6995 0.6023 2
-0.6930 0.6037 2
-0.6892 0.6045 2
-0.6814 0.6062 2
-0.6789 0.6068 2
-0.6699 0.6087 2
-0.6685 0.6090 2
-0.6583 0.6112 2
-0.6582 0.6113 2
-0.6479 0.6135 2
-0.6467 0.6138 2
-0.6376 0.6157 2
-0.6350 0.6163 2
-0.6273 0.6179 2
-0.6233 0.6188 2
-0.6169 0.6201 2
-0.6115 0.6213 2
-0.6066 0.6223 2
-0.5997 0.6238 2
-0.5963 0.6245 2
-0.5877 0.6263 2
-0.5860 0.6267 2
-0.5757 0.6288 2
-0.5755 0.6288 2
-0.5653 0.6309 2
-0.5633 0.6313 2
-0.5550 0.6331 2
-0.5512 0.6339 2
-0.5447 0.6352 2
-0.5390 0.6364 2
-0.5344 0.6373 2
-0.5269 0.6389 2
-0.5240 0.6395 2
-0.5147 0.6414 2
-0.5137 0.6416 2
-0.5034 0.6437 2
-0.5026 0.6439 2
-0.4931 0.6459 2
-0.4904 0.6464 2
-0.4828 0.6480 2
-0.4783 0.6489 2
-0.4724 0.6502 2
-0.4662 0.6515 2
-0.4621 0.6523 2
-0.4540 0.6540 2
-0.4518 0.6544 2
-0.4419 0.6565 2
-0.4415 0.6566 2
-0.4312 0.6587 2
-0.4298 0.6590 2
-0.4208 0.6608 2
-0.4176 0.6615 2
-0.4105 0.6630 2
-0.4055 0.6640 2
-0.4002 0.6651 2
-0.3934 0.6665 2
-0.3899 0.6673 2
-0.3813 0.6690 2
-0.3795 0.6694 2
-0.3692 0.6715 2
-0.3691 0.6716 2
-0.3589 0.6737 2
-0.3570 0.6741 2
-0.3486 0.6758 2
-0.3449 0.6766 2
-0.3383 0.6780 2
-0.3328 0.6791 2
-0.3279 0.6801 2
-0.3207 0.6816 2
-0.3176 0.6822 2
-0.3086 0.6841 2
-0.3073 0.6844 2
-0.2973 0.6866 2
-0.2970 0.6867 2
-0.2873 0.6892 2
-0.2867 0.6893 2
-0.2774 0.6917 2
-0.2763 0.6919 2
-0.2674 0.6942 2
-0.2660 0.6945 2
-0.2574 0.6967 2
-0.2557 0.6971 2
-0.2475 0.6992 2
-0.2454 0.6997 2
-0.2375 0.7017 2
-0.2351 0.7023 2
-0.2275 0.7042 2
-0.2247 0.7049 2
-0.2175 0.7067 2
-0.2144 0.7075 2
-0.2075 0.7093 2
-0.2041 0.7101 2
-0.1976 0.7118 2
-0.1938 0.7127 2
-0.1876 0.7143 2

-2.0000 0.6271 3
-1.9897 0.6275 3
-1.9794 0.6280 3
-1.9690 0.6284 3
-1.9594 0.6288 3
-1.9587 0.6289 3
-1.9484 0.6293 3
-1.9381 0.6298 3
-1.9278 0.6302 3
-1.9174 0.6306 3
-1.9071 0.6311 3
-1.9010 0.6313 3
-1.8968 0.6315 3
-1.8865 0.6320 3
-1.8761 0.6324 3
-1.8658 0.6329 3
-1.8555 0.6333 3
-1.8452 0.6338 3
-1.8427 0.6339 3
-1.8349 0.6342 3
-1.8245 0.6346 3
-1.8142 0.6351 3
-1.8039 0.6355 3
-1.7936 0.6360 3
-1.7844 0.6364 3
-1.7833 0.6364 3
-1.7729 0.6369 3
-1.7626 0.6373 3
-1.7523 0.6378 3
-1.7420 0.6382 3
-1.7316 0.6387 3
-1.7262 0.6389 3
-1.7213 0.6391 3
-1.7110 0.6395 3
-1.7007 0.6400 3
-1.6904 0.6407 3
-1.6804 0.6414 3
-1.6800 0.6414 3
-1.6697 0.6422 3
-1.6594 0.6429 3
-1.6491 0.6437 3
-1.6457 0.6439 3
-1.6388 0.6444 3
-1.6284 0.6452 3
-1.6181 0.6459 3
-1.6110 0.6464 3
-1.6078 0.6467 3
-1.5975 0.6474 3
-1.5871 0.6482 3
-1.5768 0.6489 3
-1.5763 0.6489 3
-1.5665 0.6497 3
-1.5562 0.6504 3
-1.5459 0.6512 3
-1.5417 0.6515 3
-1.5355 0.6519 3
-1.5252 0.6526 3
-1.5149 0.6534 3
-1.5071 0.6540 3
-1.5046 0.6542 3
-1.4943 0.6549 3
-1.4839 0.6557 3
-1.4736 0.6564 3
-1.4726 0.6565 3
-1.4633 0.6572 3
-1.4530 0.6579 3
-1.4426 0.6587 3
-1.4381 0.6590 3
-1.4323 0.6594 3
-1.4220 0.6602 3
-1.4117 0.6609 3
-1.4037 0.6615 3
-1.4014 0.6617 3
-1.3910 0.6624 3
-1.3807 0.6632 3
-1.3704 0.6639 3
-1.3693 0.6640 3
-1.3601 0.6647 3
-1.3498 0.6655 3
-1.3394 0.6662 3
-1.3350 0.6665 3
-1.3291 0.6670 3
-1.3188 0.6677 3
-1.3085 0.6685 3
-1.3017 0.6690 3
-1.2981 0.6693 3
-1.2878 0.6705 3
-1.2784 0.6716 3
-1.2775 0.6717 3
-1.2672 0.6728 3
-1.2569 0.6740 3
-1.2560 0.6741 3
-1.2465 0.6751 3
-1.2362 0.6763 3
-1.2336 0.6766 3
-1.2259 0.6775 3
-1.2156 0.6786 3
-1.2113 0.6791 3
-1.2053 0.6798 3
-1.1949 0.6809 3
-1.1890 0.6816 3
-1.1846 0.6821 3
-1.1743 0.6833 3
-1.1667 0.6841 3
-1.1640 0.6844 3
-1.1537 0.6856 3
-1.1444 0.6866 3
-1.1433 0.6868 3
-1.1330 0.6879 3
-1.1227 0.6891 3
-1.1222 0.6892 3
-1.1124 0.6903 3
-1.1020 0.6914 3
-1.1000 0.6917 3
-1.0917 0.6926 3
-1.0814 0.6938 3
-1.0778 0.6942 3
-1.0711 0.6949 3
-1.0608 0.6961 3
-1.0556 0.6967 3
-1.0504 0.6973 3
-1.0401 0.6985 3
-1.0335 0.6992 3
-1.0298 0.6996 3
-1.0195 0.7008 3
-1.0114 0.7017 3
-1.0092 0.7020 3
-0.9988 0.7032 3
-0.9921 0.7042 3
-0.9885 0.7048 3
-0.9782 0.7064 3
-0.9759 0.7067 3
-0.9679 0.7080 3
-0.9596 0.7093 3
-0.9575 0.7096 3
-0.9472 0.7112 3
-0.9434 0.7118 3
-0.9369 0.7128 3
-0.9272 0.7143 3

