logb b alpha gini targ rev revgain short4
-2.0000 0.01 5 0.1111 0.6581 0.0816 0.2567 0.2804
-1.6990 0.02 5 0.1111 0.5930 0.0702 0.2186 0.2574
-1.3010 0.05 5 0.1111 0.4851 0.0562 0.1900 0.2181
-1.0000 0.1 5 0.1111 0.3928 0.0420 0.1649 0.1832
-0.6990 0.2 5 0.1111 0.3026 0.0287 0.1414 0.1471
-0.3010 0.5 5 0.1111 0.1958 0.0173 0.1287 0.1005
0.0000 1 5 0.1111 0.1280 0.0128 0.1409 0.0687
0.3010 2 5 0.1111 0.0760 0.0098 0.1638 0.0437
0.4771 3 5 0.1111 0.0540 0.0085 0.1814 0.0332
-2.0000 0.01 3.5 0.1667 0.8734 0.2107 0.5145 0.3623
-1.6990 0.02 3.5 0.1667 0.8012 0.1959 0.4968 0.3410
-1.3010 0.05 3.5 0.1667 0.6737 0.1598 0.4371 0.3021
-1.0000 0.1 3.5 0.1667 0.5547 0.1282 0.3853 0.2626
-0.6990 0.2 3.5 0.1667 0.4285 0.0958 0.3376 0.2173
-0.3010 0.5 3.5 0.1667 0.2774 0.0609 0.3021 0.1546
0.0000 1 3.5 0.1667 0.1871 0.0453 0.3125 0.1125
0.3010 2 3.5 0.1667 0.1199 0.0347 0.3402 0.0789
0.4771 3 3.5 0.1667 0.0910 0.0302 0.3671 0.0637
-2.0000 0.01 2.5 0.2500 1.1827 0.3569 0.7310 0.4425
-1.6990 0.02 2.5 0.2500 1.1055 0.3418 0.7229 0.4265
-1.3010 0.05 2.5 0.2500 0.9644 0.3133 0.7000 0.3978
-1.0000 0.1 2.5 0.2500 0.8255 0.2747 0.6581 0.3637
-0.6990 0.2 2.5 0.2500 0.6652 0.2247 0.5972 0.3182
-0.3010 0.5 2.5 0.2500 0.4518 0.1570 0.5274 0.2445
0.0000 1 2.5 0.2500 0.3188 0.1196 0.5187 0.1901
0.3010 2 2.5 0.2500 0.2204 0.0931 0.5388 0.1435
0.4771 3 2.5 0.2500 0.1770 0.0810 0.5609 0.1209
-2.0000 0.01 2 0.3333 1.4883 0.4401 0.8306 0.4918
-1.6990 0.02 2 0.3333 1.4095 0.4353 0.8284 0.4875
-1.3010 0.05 2 0.3333 1.2588 0.4147 0.8202 0.4672
-1.0000 0.1 2 0.3333 1.1077 0.3806 0.7896 0.4394
-0.6990 0.2 2 0.3333 0.9262 0.3314 0.7384 0.3997
-0.3010 0.5 2 0.3333 0.6680 0.2535 0.6699 0.3268
0.0000 1 2 0.3333 0.4948 0.2003 0.6452 0.2660
0.3010 2 2 0.3333 0.3612 0.1590 0.6531 0.2097
0.4771 3 2 0.3333 0.3002 0.1390 0.6680 0.1804
-2.0000 0.01 1.5 0.5000 2.1988 0.4896 0.6997 0.5283
-1.6990 0.02 1.5 0.5000 2.1120 0.5055 0.8800 0.5375
-1.3010 0.05 1.5 0.5000 1.9357 0.4995 0.8820 0.5325
-1.0000 0.1 1.5 0.5000 1.7507 0.4910 0.8768 0.5257
-0.6990 0.2 1.5 0.5000 1.5251 0.4613 0.8491 0.5040
-0.3010 0.5 1.5 0.5000 1.1885 0.3928 0.7972 0.4463
0.0000 1 1.5 0.5000 0.9428 0.3351 0.7671 0.3900
0.3010 2 1.5 0.5000 0.7372 0.2734 0.7584 0.3214
0.4771 3 1.5 0.5000 0.6393 0.2393 0.7614 0.2809
-2.0000 0.01 1.3 0.6250 2.9822 0.5006 130102524759.9010 0.5425
-1.6990 0.02 1.3 0.6250 2.8745 0.5102 70842743.6729 0.5469
-1.3010 0.05 1.3 0.6250 2.6505 0.5142 0.8690 0.5496
-1.0000 0.1 1.3 0.6250 2.4130 0.5221 0.8802 0.5566
-0.6990 0.2 1.3 0.6250 2.1235 0.5063 0.8595 0.5471
-0.3010 0.5 1.3 0.6250 1.6919 0.4542 0.8189 0.5057
0.0000 1 1.3 0.6250 1.3714 0.3981 0.7899 0.4526
0.3010 2 1.3 0.6250 1.0957 0.3273 0.7737 0.3774
0.4771 3 1.3 0.6250 0.9612 0.2873 0.7747 0.3316
-2.0000 0.01 1.2 0.7143 3.8444 0.5165 112715882889.2260 0.5688
-1.6990 0.02 1.2 0.7143 3.7030 0.5277 11749501.6182 0.5699
-1.3010 0.05 1.2 0.7143 3.4074 0.5349 0.8579 0.5736
-1.0000 0.1 1.2 0.7143 3.0959 0.5347 0.8608 0.5752
-0.6990 0.2 1.2 0.7143 2.7182 0.5275 0.8423 0.5736
-0.3010 0.5 1.2 0.7143 2.1640 0.4767 0.8020 0.5344
0.0000 1 1.2 0.7143 1.7557 0.4213 0.7820 0.4810
0.3010 2 1.2 0.7143 1.4033 0.3531 0.7648 0.4082
0.4771 3 1.2 0.7143 1.2304 0.3040 0.7661 0.3528
