round s4 s5 sf4 sf5
1 0.076 0.8246 0.4582 0.083
2 0.1225 0.8243 0.4209 0.0799
3 0.1502 0.8235 0.3989 0.0749
4 0.1755 0.8284 0.376 0.0705
5 0.2302 0.8284 0.3475 0.0669
6 0.2582 0.8323 0.3297 0.0621
7 0.2859 0.8357 0.3031 0.0588
8 0.2887 0.8329 0.2954 0.0556
9 0.3025 0.8377 0.2799 0.0516
10 0.3185 0.837 0.2698 0.0506
11 0.3179 0.8369 0.2603 0.048
12 0.3418 0.8381 0.2464 0.0449
13 0.359 0.839 0.231 0.0431
14 0.3414 0.8394 0.2248 0.0408
15 0.3458 0.8391 0.2195 0.0393
16 0.3227 0.8395 0.2127 0.0376
17 0.3185 0.84 0.2117 0.0364
18 0.3229 0.8414 0.2014 0.0343
19 0.3231 0.8379 0.1924 0.0336
20 0.3186 0.8378 0.1853 0.0315
